# Cameras (20)
# PhotoID, r, c,  f ，   cx，   cy
497   2448  2048   2480.93037   6.76194   45.206
499   2448  2048   2473.57441    23.1927  40.525
504   2448  2048   2481.27997  8.99938     39.9229
506   2448  2048   2476.01164  -18.1032    46.2674
507   2448  2048   2479.72832   -9.58392   38.5199
510   2448  2048   2476.74986   29.7063    30.9823
514   2448  2048  2481.0033   13.3613   44.1426
516   2448  2048  2484.0153   -5.05774  17.7179
518   2448  2048  2479.41837  5.50523   37.0346
772   2448  2048   2478.54781  -16.1094   22.5147
2162  1280  1024  1304.28561  12.505    6.67004
2480  1280  1024  1304.21956  0.264986  16.1612
2513  1280  1024  1303.08719  11.0382   1.66572
8471  1280  1024  1301.45189  -5.02588   13.4791
8481  1280  1024  1303.64191   -3.18797  8.65512
8483  1280  1024  1299.7321   6.66853  6.44437
9951  1280  1024  1301.17322  12.3389    3.89948
9953  1280  1024  1303.41523  11.6374    12.0654
9955  1280  1024  1304.81062  15.0593   -0.397321
9958  1280  1024  1305.20079  11.1796   20.2934


